# ‘#’可以引领行注释。

# 山东大学的同学@houyq 使用Java编写PJ2，训练得到该策略表。
# 其编码方式与本src下编码不同，故做了翻译。
# 人为60字符一行以便阅览，空白字符不影响读入。

1 4 3 3 3 3 2 4 2 2 1 2 2 3 3 2 4 2 4 4 1 1 1 1 4 4 1 3 4 3 
3 3 1 1 4 1 2 1 3 2 1 1 1 1 2 1 4 1 4 3 3 1 4 1 3 4 3 3 4 2 
2 2 2 2 2 2 2 2 2 2 2 2 3 4 3 3 3 3 4 4 4 6 6 6 6 6 6 6 6 6 
6 6 6 6 6 6 6 6 6 6 6 6 6 6 6 6 6 6 6 6 6 6 6 6 6 6 6 6 6 6 
6 6 6 6 6 6 6 6 6 6 6 6 6 6 6 6 6 6 6 6 6 6 6 6 6 6 6 6 6 6 
6 6 6 6 6 6 6 6 6 6 6 6 4 4 3 3 5 2 2 2 2 3 6 2 4 5 2 2 2 2 
6 6 3 1 4 3 6 1 1 4 4 2 3 5 2 2 6 6 6 4 6 3 6 2 1 2 6 3 4 3 
3 1 3 1 1 1 2 2 2 4 2 6 2 2 6 3 2 2 6 2 2 2 4 2 4 4 6 3 4 3 
4 2 5 

# 2000轮学习后小黄的得分是503.600000
